0 0 0
0 1 0
1 3 1
1 5 1
2 7 2
2 9 2
3 11 3
3 12 3
4 14 4
4 15 4
5 16 5
5 17 5
6 18 6
6 19 6
7 19 7
7 19 7
8 19 8
8 19 8
9 19 9
9 18 9
10 18 10
10 17 10
11 16 11
11 14 11
12 13 12
12 11 12
13 10 13
13 8 13
14 6 14
14 4 14
15 2 15
15 0 15
16 -1 16
16 -3 16
17 -5 17
17 -7 17
18 -8 18
18 -10 18
19 -12 19
19 -13 19
20 -15 20
20 -16 20
21 -17 21
21 -18 21
22 -19 22
22 -19 22
23 -19 23
23 -19 23
24 -19 24
24 -19 24
25 -19 25
25 -18 25
26 -17 26
26 -16 26
27 -15 27
27 -14 27
28 -12 28
28 -11 28
29 -9 29
29 -7 29
30 -5 30
30 -3 30
31 -1 31
31 0 31
32 2 32
32 4 32
33 6 33
33 8 33
34 9 34
34 11 34
35 13 35
35 14 35
36 15 36
36 17 36
37 17 37
37 18 37
38 19 38
38 19 38
39 19 39
39 19 39
40 19 40
40 19 40
41 18 41
41 18 41
42 17 42
42 15 42
43 14 43
43 13 43
44 11 44
44 10 44
45 8 45
45 6 45
46 4 46
46 2 46
47 0 47
47 -1 47
48 -3 48
48 -5 48
49 -7 49
49 -9 49
