0 0 0
0 0 0
1 0 1
1 0 1
2 1 2
2 2 2
3 3 3
3 4 3
4 5 4
4 7 4
5 8 5
5 9 5
6 11 6
6 12 6
7 13 7
7 14 7
8 15 8
8 16 8
9 17 9
9 17 9
10 18 10
10 18 10
11 17 11
11 17 11
12 16 12
12 14 12
13 13 13
13 11 13
14 9 14
14 6 14
15 4 15
15 1 15
16 -1 16
16 -5 16
17 -8 17
17 -12 17
18 -15 18
18 -19 18
19 -23 19
19 -26 19
20 -30 20
20 -33 20
21 -36 21
21 -39 21
22 -41 22
22 -43 22
23 -45 23
23 -46 23
24 -47 24
24 -48 24
25 -47 25
25 -47 25
26 -45 26
26 -44 26
27 -41 27
27 -38 27
28 -35 28
28 -31 28
29 -26 29
29 -22 29
30 -16 30
30 -11 30
31 -5 31
31 1 31
32 7 32
32 13 32
33 20 33
33 27 33
34 33 34
34 39 34
35 45 35
35 51 35
36 57 36
36 62 36
37 66 37
37 70 37
38 73 38
38 76 38
39 77 39
39 78 39
40 79 40
40 78 40
41 77 41
41 74 41
42 71 42
42 67 42
43 63 43
43 57 43
44 51 44
44 44 44
45 37 45
45 29 45
46 20 46
46 11 46
47 2 47
47 -7 47
48 -16 48
48 -26 48
49 -35 49
49 -45 49
