0 0 0
0 0 0
1 0 1
2 0 1
3 1 2
4 2 2
4 3 3
5 4 3
5 5 4
5 7 4
5 8 5
4 9 5
4 11 6
3 12 6
2 13 7
1 14 7
0 15 8
-2 16 8
-4 17 9
-6 17 9
-8 18 10
-10 18 10
-12 17 11
-15 17 11
-17 16 12
-20 14 12
-22 13 13
-24 11 13
-26 9 14
-28 6 14
-29 4 15
-30 1 15
-31 -1 16
-32 -5 16
-32 -8 17
-32 -12 17
-32 -15 18
-31 -19 18
-30 -23 19
-28 -26 19
-26 -30 20
-23 -33 20
-20 -36 21
-17 -39 21
-13 -41 22
-9 -43 22
-5 -45 23
0 -46 23
4 -47 24
9 -48 24
14 -47 25
19 -47 25
24 -45 26
29 -44 26
34 -41 27
38 -38 27
43 -35 28
47 -31 28
51 -26 29
54 -22 29
57 -16 30
59 -11 30
61 -5 31
62 1 31
63 7 32
63 13 32
62 20 33
61 27 33
59 33 34
56 39 34
52 45 35
48 51 35
43 57 36
38 62 36
32 66 37
25 70 37
19 73 38
11 76 38
4 77 39
-3 78 39
-11 79 40
-19 78 40
-27 77 41
-35 74 41
-43 71 42
-51 67 42
-58 63 43
-65 57 43
-71 51 44
-77 44 44
-82 37 45
-86 29 45
-89 20 46
-92 11 46
-93 2 47
-94 -7 47
-94 -16 48
-93 -26 48
-91 -35 49
-88 -45 49
