20 0 0
19 1 0
19 3 1
19 5 1
18 7 2
17 9 2
16 11 3
15 12 3
13 14 4
12 15 4
10 16 5
9 17 5
7 18 6
5 19 6
3 19 7
1 19 7
0 19 8
-2 19 8
-4 19 9
-6 18 9
-8 18 10
-10 17 10
-11 16 11
-13 14 11
-14 13 12
-16 11 12
-17 10 13
-18 8 13
-18 6 14
-19 4 14
-19 2 15
-19 0 15
-19 -1 16
-19 -3 16
-19 -5 17
-18 -7 17
-17 -8 18
-16 -10 18
-15 -12 19
-14 -13 19
-13 -15 20
-11 -16 20
-9 -17 21
-8 -18 21
-6 -19 22
-4 -19 22
-2 -19 23
0 -19 23
1 -19 24
3 -19 24
5 -19 25
7 -18 25
9 -17 26
11 -16 26
12 -15 27
14 -14 27
15 -12 28
16 -11 28
17 -9 29
18 -7 29
19 -5 30
19 -3 30
19 -1 31
19 0 31
19 2 32
19 4 32
19 6 33
18 8 33
17 9 34
16 11 34
15 13 35
13 14 35
12 15 36
10 17 36
8 17 37
6 18 37
5 19 38
3 19 38
1 19 39
0 19 39
-2 19 40
-4 19 40
-6 18 41
-8 18 41
-10 17 42
-12 15 42
-13 14 43
-14 13 43
-16 11 44
-17 10 44
-18 8 45
-18 6 45
-19 4 46
-19 2 46
-19 0 47
-19 -1 47
-19 -3 48
-19 -5 48
-18 -7 49
-17 -9 49
