1 0 0
2 1 1
3 2 2
4 3 3
5 4 4
6 5 5
7 6 6
8 7 7
9 8 8
10 9 9
11 10 10
12 11 11
13 12 12
14 13 13
15 14 14
16 15 15
17 16 16
18 17 17
19 18 18
0 19 19
1 20 20
2 21 21
3 22 22
4 23 23
5 24 24
6 25 25
7 26 26
8 27 27
9 28 28
10 29 29
11 30 30
12 31 31
13 32 32
14 33 33
15 34 34
16 35 35
17 36 36
18 37 37
19 38 38
0 39 39
1 40 40
2 41 41
3 42 42
4 43 43
5 44 44
6 45 45
7 46 46
8 47 47
9 48 48
10 49 49
11 50 50
12 51 51
13 52 52
14 53 53
15 54 54
16 55 55
17 56 56
18 57 57
19 58 58
0 59 59
1 60 60
2 61 61
3 62 62
4 63 63
5 64 64
6 65 65
7 66 66
8 67 67
9 68 68
10 69 69
11 70 70
12 71 71
13 72 72
14 73 73
15 74 74
16 75 75
17 76 76
18 77 77
19 78 78
0 79 79
1 80 80
2 81 81
3 82 82
4 83 83
5 84 84
6 85 85
7 86 86
8 87 87
9 88 88
10 89 89
11 90 90
12 91 91
13 92 92
14 93 93
15 94 94
16 95 95
17 96 96
18 97 97
19 98 98
0 99 99
